153.013449669
95.8570966721
95.8570966721
153.013449669
134.522198813
131.949098206
188.647932325
125.445913141
123.843604088
143.450793796
88.5081065251
84.2245254517
114.440277863
507.321852366
131.299931576
76.4746955872
88.9909065247
115.94115775
136.335675981
180.406257629
105.81436348
83.8060479164
107.520233899
177.700679143
115.583746501
103.247632217
111.452211652
121.85925897
130.331092834
87.6138850621
112.718977792
78.8138656616
92.9345421627
79.3679192283
117.317170279
109.316511972
117.920121193
127.51805175
106.260439555
256.333295441
114.068272545
104.684227985
94.5331363678
88.1250031789
105.145626068
127.26867485
101.476976395
131.92182827
90.2274649484
103.380056381
88.6850933499
82.1963785345
97.3348834698
132.6242733
72.2546920776
148.218858337
90.0317502229
108.559110369
118.182845202
145.281646729
74.1579905919
99.0714836121
98.1930503845
88.5685676575
85.4268093109
110.894760132
105.006435394
107.048073264
83.5432786208
135.016025119
133.677610125
128.761962891
105.244146559
82.5648698807
88.2079353333
114.083214569
91.9613494873
123.832055092
109.766971588
73.4892578125
118.970233536
75.2704900106
136.994586945
94.7453264509
150.454466926
71.4968013763
113.022827148
124.909475888
101.610934787
97.6699419022
99.8165428162
125.073841442
117.484191895
111.775514875
108.819194794
109.595513662
114.983066559
116.636006673
122.342154461
115.390219327
96.3276987712
99.1482816424
114.373164177
133.227759552
124.694509888
118.266874012
126.74073995
159.059234127
131.868177241
105.624090021
112.458003453
108.445192973
148.400830587
105.46875
89.5108634949
110.526199341
106.610275269
201.150405884
121.274077824
96.721926008
121.602788734
97.7877845764
79.3912638346
82.2717526754
108.429342651
129.329085922
124.813183953
99.6756067276
120.224040222
125.014594229
93.4239362081
104.94140625
140.142114813
125.831104824
128.88500807
139.409954071
126.515647888
133.903394699
132.288022995
112.7632459
339.380052567
158.479804039
110.370770454
120.636582375
117.798829079
117.770829942
93.6937802633
107.024409485
112.90429306
119.987322489
104.275215149
111.369506327
104.09093221
92.6587804159
123.656079379
94.3044635228
104.486175939
103.659236484
108.863718305
109.46096344
78.2469972883
339.27150116
84.5146064758
122.796866353
102.103261312
88.3725560506
108.667956266
95.7958633423
123.923477173
96.2424579197
140.047975922
105.559245427
118.061905755
103.038225686
116.999486796
97.7723639639
94.7088056292
129.287416731
134.670133972
128.515216534
110.668199812
74.5414428711
132.256818136
136.796420758
274.089261373
124.790491971
135.992946331
163.353805033
117.972891808
126.180363973
128.772140503
128.426597595
104.515474821
101.808096233
139.52922613
122.703293324
112.06860387
119.52546971
93.246763963
97.4240262262
115.144374501
85.99223423
89.9712937673
95.8583236694
122.660724038
88.4622125244
89.6714515686
104.642575836
82.8905700684
93.9734242757
99.8803892136
135.247731527
110.2937603
98.9972174508
87.2048110962
125.1771245
126.657063231
124.890988588
78.6414942248
119.5711778
111.611512865
122.023756027
101.697271983
91.0417160034
115.355644226
300.219091143
127.030110495
120.55444512
109.757274628
124.091157096
109.882002089
93.438079834
94.8905916214
757.843655109
132.453708649
100.89214325
128.974912008
125.684110227
167.374956767
98.4833546956
88.301358223
116.950775146
104.941407204
112.144590378
112.420270691
118.01221343
136.229584914
150.346726851
84.3091036479
140.214370728
131.364513397
106.731023788
126.659808568
128.001073456
121.476927863
106.185620216
80.1180064989
97.6979120428
805.760496521
125.429836567
113.34640007
79.0842803955
118.752187456
117.189364433
112.497011185
132.68511539
112.5883364
82.9282815116
122.010301208
98.7168930054
144.710940891
116.187941233
92.6960411072
91.0128662109
105.397855123
103.277569241
105.179963248
202.69178772
134.825664814
118.588362301
112.428643227
79.025352478
127.320674472
112.019075394
128.560293949
120.118086608
120.11370697
106.113826207
108.243443807
132.242370605
102.553005219
126.893427335
99.9627068259
192.728002276
147.113955688
89.6328150431
90.3864059448
100.721394857
139.973556519
120.916976929
119.223879814
89.1117413839
99.3227283771
132.186588832
102.826927185
137.623571222
142.333379473
70.911702474
119.570360107
102.782952203
90.6866979599
90.0732106527
109.465228081
113.740339552
114.063554287
132.381487528
95.3472829546
281.626163483
113.143687094
116.054708862
88.8772570292
112.329156729
93.0807202657
102.670035044
115.738858461
123.663419377
102.486822128
75.1375518799
78.3076923915
108.293799718
114.835679796
113.577847004
130.594084422
88.2379903793
82.6386156082
87.1224352519
91.6160801479
89.1988271077
91.5112886429
124.59572347
139.818910387
102.739540687
112.887586659
143.298339844
78.1891517639
105.346788406
107.916629512
109.07603241
134.031424386
152.177729797
152.040118408
143.708334351
165.318116188
115.808711659
109.455800056
83.8916820179
90.8685007095
89.5474319458
92.0078636169
93.2622477214
95.9876807077
879.541689359
129.637888539
151.242806196
115.331334795
104.702332391
80.8375234604
75.0779397147
119.730410167
117.141721998
103.710933685
72.5450612386
117.133259455
91.3742224375
134.691490173
99.1482794625
127.719546509
92.5173845291
94.6111591884
105.179971967
113.167346954
94.365049839
105.946692074
86.236878135
122.935218387
133.882157759
125.98188697
105.513400078
78.8188356672
104.705022685
104.22108078
112.064248519
103.708720616
125.655611824
92.0463925875
130.634966169
123.551493558
77.9555419922
101.798244052
119.451549106
113.357136536
110.147397995
126.564145769
89.0150265164
106.270872116
106.491818905
123.724951002
108.684054491
141.206329346
123.282945251
112.453486125
86.4080619812
124.193352836
110.547021048
116.597299364
132.251287188
89.5121426053
146.89282074
138.466444397
88.6400251389
98.8261795044
131.524414062
78.4512606534
122.0612216
102.940169625
175.047045194
95.2659133911
112.492440444
115.005472819
135.026927782
112.715844472
144.139489746
114.314490578
128.776371956
214.611814416
98.8822696827
121.312337646
134.329980065
132.66191428
131.395562236
104.208852595
78.7162823147
100.519207546
674.734062195
79.9201198154
128.61631012
86.1181106567
90.6033150809
135.968528748
116.031833104
104.326527732
89.3790607452
84.1793624878
84.3630025046
78.4608628409
106.629800161
107.705666282
94.6168463571
94.3864089966
104.634790209
117.761124538
135.731248644
98.8332996368
95.4476833344
94.0590949059
89.9775627984
114.927054405
103.386956533
111.318738937
114.504303614
113.466347504
107.506540775
157.230728642
116.042505052
121.095536232
131.860692805
97.5734447132
147.342863973
133.010397339
126.191177368
85.6049908725
109.029370308
102.661545784
128.43949474
95.8790501186
131.705621719
113.479590416
123.556652493
99.1470663888
88.8841925228
98.037727356
95.0380470969
105.674739838
81.683726403
85.5677479335
79.469239455
86.0726023587
83.8158448872
100.327480989
99.4772569757
114.593739961
93.9605344137
92.3065109253
89.5442497253
107.500817732
87.1565979004
94.7864055634
108.045270284
115.979262882
115.888030712
105.40535455
106.303959801
89.2379089355
94.7241027832
93.6901837862
124.449885845
88.9900746663
133.2568868
99.6869819641
71.9795379639
125.616817051
99.934677124
114.257514954
81.4892044067
88.8213474049
100.268736945
103.744231088
109.742649078
128.018471612
122.877747969
104.477478981
74.9798088074
103.859866216
81.9937767029
109.960612106
132.350269664
89.7749036153
118.378254434
119.104007721
119.241326332
108.957038403
121.88040479
166.444224766
97.2372041182
89.6891155243
122.020608471
114.577358723
113.899553399
103.246977782
108.469262557
82.3187039693
168.640298208
143.304407756
89.753112793
95.3814041138
114.9590271
181.068527857
168.204211426
111.713944869
73.7802551814
77.9712316579
109.356022063
89.1559505463
125.176638794
133.436757676
125.00126824
88.4432866414
125.978904215
115.781251761
83.9009246826
105.263100518
115.527205404
80.1005918715
110.224035997
94.8162369267
119.592780219
103.209533691
113.481751198
117.918980165
124.584907023
98.6339447021
118.660391671
123.821228027
124.510404147
82.2190485308
95.7140719096
108.721794128
118.428413561
125.526090194
117.480818007
138.612971497
113.48310373
117.729932404
93.96812003
92.157280816
112.392686026
105.272526253
118.594150907
133.471819878
104.257123947
124.951272726
124.483642774
174.604035011
119.052586469
125.268643643
126.567616304
117.114822388
123.094535473
125.825787862
146.624162401
162.58482933
128.372428725
108.630455589
124.459694904
123.095964872
84.3594703674
97.5494083828
122.724082947
89.5064534833
113.152519226
106.100631714
100.973031786
106.996340561
115.102984229
125.037816278
99.4591277151
141.393776389
117.530441978
102.529621418
114.695798874
137.527560425
126.969805036
98.0789586847
100.825358829
91.3627761392
76.6061197008
98.7165727615
83.5875480406
119.264857515
105.752574497
127.133051554
127.654785919
90.1543502808
109.055849577
89.0974527995
88.6664306641
113.603644235
113.502899933
122.696541922
93.4288132611
132.168501461
109.413645063
117.583100637
81.2028455098
82.3777799606
71.6299352646
100.129898834
120.680763938
121.751881104
129.472607699
131.188245501
106.753294782
112.410916415
102.309778314
113.703987939
109.985241481
104.695106506
108.749629974
97.3245571361
119.773433685
136.163231179
121.230222066
123.692225192
89.7163244883
108.244929921
104.427850087
107.231728448
102.378074137
75.1957007817
114.94359908
88.0067388746
86.949450175
126.126654561
95.7195415497
107.113464355
107.322716395
101.89053736
96.6238683065
116.414498393
78.1557100736
101.910579681
115.713779449
135.981452179
80.4485731125
111.614055634
123.479857011
75.9907627106
84.1828918457
86.7167617798
122.825423241
119.691574097
100.797584534
93.3666271634
98.1124467592
106.301814196
93.3748881022
89.4287953377
101.234946
119.853137377
111.91444506
125.780838842
106.28556765
113.704475758
108.858074467
139.134012186
136.345953428
90.2725287045
87.6094678243
77.2439363653
178.771802566
86.6579322815
143.203895569
120.203899929
108.333878653
148.915040334
88.4262089585
107.742037964
111.21773321
87.438251611
114.423765394
118.747397667
99.4822100471
114.922106425
166.66922401
108.911944221
80.5828937531
136.457528591
97.5583182887
83.4097353617
117.018780198
86.1873607635
87.9494724274
109.945955044
90.9238303048
107.181411552
98.2299331665
106.555749702
130.488514128
79.7340632847
87.6115703583
114.477852783
109.562143179
137.955374718
121.964756675
108.007086981
116.518375942
135.337397649
1381.41233349
120.524453735
103.53120923
117.474602509
99.3767040087
87.5779430683
96.4772429033
106.4298666
103.39616606
91.0281903497
108.429608663
134.624775115
86.6308110555
88.0887700399
106.638845091
123.407973269
108.86564171
88.9325004246
121.85273234
114.327795483
120.697175678
78.8279251099
108.641834683
107.720323835
116.913223267
91.0287452698
87.8702297211
124.738493284
101.722564697
111.553273337
109.691684875
131.547444611
110.872902981
266.119862787
169.507668429
118.206351336
95.4356180827
84.0596177578
100.683151881
118.532420603
85.4339125951
85.8034524918
91.2640869141
100.829598167
135.57283783
93.0077527364
98.571480524
130.875215759
133.967701912
88.7794265747
87.7318112055
89.0537319183
115.323193868
118.36902441
95.4938249588
119.162249429
127.971455609
137.01504364
78.175794141
141.183013916
139.451005762
128.705412865
81.887059021
135.894235373
255.865283203
585.529383087
99.0713794415
74.7338541204
95.3567949931
122.366339111
96.9146525065
105.501711845
75.2017126083
86.3850189209
98.380531311
120.705605825
110.761875788
122.060130819
104.435387611
100.107751326
113.821998879
87.1715876261
96.9903373718
129.894181685
106.689908028
100.651978811
125.924492576
103.457496643
114.707461791
95.131090052
106.72935791
92.9300550573
291.180650711
107.933292832
93.0505348654
95.7162567139
135.313960666
84.3664964948
125.084126336
90.3646453857
137.118973541
101.500167084
128.27613597
122.130553109
100.025827408
109.732131958
87.1848356459
93.1146309593
109.260069784
87.0851068497
126.260710557
126.251104736
104.247899569
91.4895915985
87.1304276784
83.8635355632
106.567386627
97.1477005005
122.267812456
109.989982605
106.948242188
111.598704383
89.2319638801
104.263396127
111.270278237
122.154090099
76.3283309937
104.393861586
100.748132879
111.089049426
95.7729341719
98.4327875773
141.941410957
119.396563443
108.190718515
132.077588654
125.746863842
123.427257132
90.9333043098
89.9071775164
104.68407383
95.7690604715
92.5746231079
111.848720551
123.295641872
103.598073859
109.156964874
101.121777852
95.4534478621
104.401185172
119.18299408
73.4748082161
114.030465444
191.084076405
94.4231571871
116.578280295
131.453629913
108.075234004
254.985804967
102.97059021
118.677621365
133.096054077
115.847524643
138.493986766
90.987153795
77.2262982455
97.9472328186
133.786109186
111.298611323
134.576428731
111.279939131
126.522594876
90.894330878
79.55838871
111.326988983
111.335768423
106.774131589
117.648689007
86.5542009142
96.4242346627
111.551251984
107.418320338
91.9325559279
100.508072989
89.8845100403
90.4663260324
104.373434544
83.8217468262
147.75779438
135.53931318
140.195196969
79.5814488729
108.229282213
126.541904026
145.019543239
118.675272624
129.252030976
124.841720581
98.0545316424
134.22461339
71.868432045
112.916043091
102.226889716
121.414094191
90.0243231829
71.6879496257
180.115585327
90.8938654386
129.401372827
117.302138052
105.444995117
92.0801308372
77.8307471275
134.106904602
110.230156708
107.606427765
114.790871253
95.6923707661
116.109928016
95.0743841989
113.281766256
121.266552819
130.466941833
129.425819799
124.604704963
106.223620892
128.431198938
116.59571613
84.6106983532
126.525614365
80.7754024929
91.8519345965
104.764387131
117.484189987
106.985105969
75.030833076
126.474065399
104.899068015
148.293992816
79.5945951674
99.0734786987
115.580931091
82.1664367184
101.419656209
105.192521232
191.825201208
86.6205574036
88.633972168
110.708046332
79.8126714071
83.6953266285
100.797946548
115.614376613
134.058358329
121.486031272
83.8256857736
87.643252182
85.2054337722
89.0745816912
123.174898057
109.768559265
127.854103088
120.103328504
119.944164022
129.427679346
91.5130148495
108.204149055
90.4208065669
103.311429537
78.5156008403
104.306384639
92.01146698
101.936815702
83.4936218262
102.346298881
91.0694862135
86.6023395061
112.025562286
132.195982742
87.3604049683
99.2053612603
78.0447594779
132.969715118
105.407151247
77.4010219574
120.880129939
90.3341662089
91.5988392549
95.5804446827
114.581093732
92.7252212524
119.567473094
114.85636478
88.1152201566
78.1290466309
78.515776498
80.2525939941
104.235290766
114.260953994
122.627355171
358.761967129
99.3138827006
98.0335930489
124.947075052
90.8689041138
119.154096163
141.264839172
101.416881786
131.625209808
99.4576171875
141.250819206
114.673594666
86.9390848796
114.233786583
140.026227546
137.668022156
111.609602451
80.7764081319
90.7154168522
108.155331294
113.943818063
112.808720271
126.522850582
121.937030247
106.254062306
143.341094971
117.704506556
110.021373402
86.240572691
85.7465816845
95.5673967997
131.23793335
121.45022256
135.916324615
129.783795974
107.162046432
113.718910762
109.653846377
108.192642559
94.0277963118
99.7448908488
95.3958086581
128.85836792
171.871237437
103.581994798
111.202457004
126.929200066
374.631071652
94.2972168922
110.214443752
105.7543993
90.8921491835
87.852789561
105.891794395
133.492963791
105.100516882
94.423866272
123.688821619
80.9146575928
80.4415220781
93.8636135525
130.547730879
71.0595190866
98.4652781169
117.642836938
84.2625699251
117.858332147
79.7988237653
103.524936329
121.194173008
118.69767846
117.054824524
83.2803662618
111.113727025
84.7915324336
89.4028085562
135.299644297
81.5347122192
81.6959753036
130.744087482
98.6793434837
76.858877182
107.594217812
104.110735212
118.102260166
395.096705717
95.6851605309
135.601436615
88.8488930012
130.145134888
132.13281795
96.649696774
93.7218690095
106.934004307
108.716305324
98.4232381185
114.264104652
102.292387938
94.3415049039
118.284371294
540.735088348
125.249639965
81.0257415771
150.764890289
119.892673146
83.4540231493
82.3124038696
97.6183531019
73.7244578044
111.451302483
133.629327393
97.1132003784
115.622379303
104.235129833
94.2943106757
287.084186554
127.745717829
186.663562775
101.771362998
294.003295898
93.5162387424
120.941436436
109.665872574
125.636365255
131.235410418
107.077501569
84.0703466797
103.050343162
88.8953445897
106.212920507
101.354993548
101.799160767
119.295008087
95.9829864502
106.410620689
117.095267956
115.851901054
130.130036774
130.233175049
108.989257812
129.3545244
118.130298615
89.2138621012
111.665502988
73.5353393555
100.757696218
130.064237741
106.106516129
134.876647949
118.503250122
120.833689372
120.503881501
92.7475329984
122.068205792
129.245391846
98.2120285034
93.0330759684
133.915404892
101.712076754
123.064329147
118.980824397
113.497269574
96.6691112518
92.754733785
119.409654328
129.005439914
420.291216787
126.541619074
111.144272995
114.75253245
126.487531951
125.572177649
124.407211079
126.022734778
108.462432353
117.051461029
118.857731628
112.600980012
85.9310956682
151.163726171
87.7356419563
116.045530955
123.896095608
110.32167511
109.730824788
125.360713874
83.1551678975
125.971199354
411.505966187
118.115982056
117.09843572
106.40445537
120.837017175
84.3571429782
97.8613469442
180.852772713
119.811116197
78.0620096842
97.4506149292
87.4570709229
112.970715291
87.7646166484
126.334486961
115.34430106
94.6514485677
90.6847267151
92.1359596252
133.298609826
125.90397048
115.153750526
149.054865307
83.1689152718
184.741085052
136.732561897
129.296817474
133.175076918
105.532883183
86.1407966614
123.204872131
81.3934337071
81.0900468826
77.142457962
137.89659236
79.7375065197
116.151231384
119.888239034
152.661992073
81.2508351253
116.249313354
119.754189925
104.89346799
233.076886858
116.620489422
109.702777318
107.663298607
80.4680652618
505.329423269
114.348781586
102.328507252
124.494434925
115.693260193
133.426822569
96.0790112813
83.4081878662
105.212619591
89.0996675491
90.8522686678
113.139832075
103.795567989
72.7186551775
105.828798709
135.572634327
100.751005906
135.449548895
85.9262320995
498.777593079
95.3537254333
83.3687934875
107.790728978
98.2928409576
97.6560384115
97.319419384
140.442968515
171.001686262
109.690898048
89.0285629272
83.7234794354
118.098637899
95.1193191528
85.398566246
126.384151967
112.649673462
118.398212857
125.740928819
138.153539804
104.563104757
103.673182401
123.64940716
114.859039307
103.262418535
82.6792547438
84.7147674561
153.633547102
99.0992347099
133.705022975
76.876936849
123.220868768
83.1452382406
104.278983116
86.9014829553
1561.53135681
113.239166466
455.162260873
117.515406036
96.0479259491
92.5942001343
111.188254194
137.607287407
126.779293537
76.3888600667
85.0437901815
116.343574524
79.3259340922
121.201364268
128.1840607
106.1707201
122.903450986
104.553221703
283.410596575
109.419413053
131.74323527
127.339661407
105.306577931
118.298276728
129.219688416
91.3137374878
135.642214457
132.176781548
107.091723851
110.118452653
124.63016812
101.234785352
114.24706459
85.7490828832
73.1667531331
106.923193741
109.002784915
136.411459181
72.818550675
126.053386688
112.42192147
107.483297395
92.3744802856
100.742300415
92.1211837769
93.7593808855
96.6813339233
110.510171641
86.785266203
122.306450195
79.0675125122
105.406797698
105.521746193
113.165833609
83.4319896083
132.328181874
128.812186608
120.865632799
91.3938102722
102.836137821
125.243169611
140.673350016
108.408852554
101.867880859
109.760285011
89.2313916755
74.2039601462
98.8295207553
84.7298736572
81.4420596531
117.932013321
128.216065063
109.115606944
95.5897987366
95.553361635
98.8069616954
134.956244857
119.909495961
101.689816611
139.048430852
74.3133589801
72.5116642543
98.5521313211
102.747127109
89.3107376099
87.2346366882
116.077469437
94.2205298288
100.066753811
111.681684585
134.068441503
136.606351852
99.0434341431
87.8273173741
81.1491897583
83.769364357
129.356099966
191.265120007
121.697062119
122.57735027
105.063505072
134.239728374
105.66476771
100.904040286
128.545742989
102.998891558
115.505315607
109.963811987
123.155955562
118.240999434
138.653821673
95.4445397513
91.669154644
87.3736785253
91.7943210602
118.713587761
124.744654519
118.311891863
114.345942688
107.98008728
97.9590839587
138.075874837
100.806441625
131.678253772
93.272703691
257.245589516
110.020961537
84.351691246
125.259986538
97.5017324594
104.919575119
91.8996170044
76.0332607693
136.057820247
118.961495463
101.309974943
128.719795227
109.193199158
95.2265167236
120.521836417
109.466322003
79.1992904663
73.1066736075
126.335662079
120.557742575
73.5987947904
118.819582621
93.4037704468
118.478139877
136.364667452
102.690507328
121.608933015
83.6447748984
79.7556732178
132.995256829
119.579903126
100.567944336
113.80304391
93.651511601
130.947175264
116.912397038
114.383714437
245.492325814
118.108711243
108.817219278
80.5971608316
81.5755572319
104.825608608
79.1847226461
123.873050944
106.447304575
95.5278536479
127.233168658
88.2381820679
119.161016464
85.6019876653
90.5446186066
126.795023209
144.665664673
117.399062602
93.8656661987
106.858435687
134.680629437
140.516237406
100.265151469
127.619159154
100.099697314
87.9031635631
116.037277915
83.3351179554
122.356773708
90.6800727844
120.654594633
113.192725426
88.4765104406
124.776464746
100.895902935
136.605151397
112.777993011
129.036091805
119.627532959
92.7909673055
147.890720622
120.508218384
101.200205351
127.058737321
98.2284240723
130.879212119
94.0559472477
99.8497823079
123.622048151
74.9533185092
110.912928772
141.446531508
73.1774127667
93.78855896
122.006306735
113.826802221
99.4066408598
132.996751785
109.092542966
99.2975354876
116.387775074
125.644311324
117.773552288
133.891380064
94.2029383523
91.2109157856
131.160449346
94.0795502663
109.431713468
97.9356662647
101.66674881
100.318219503
108.36544453
104.646774292
101.358698527
94.2600841522
123.205072675
112.373931885
98.3533477783
97.9789489746
102.14749636
119.222661082
97.9042290582
112.336417414
178.174558851
940.810839971
105.005608992
113.111584817
120.498439789
430.088358402
128.275583018
122.683100382
138.67238825
97.4675386869
98.331690979
88.0519068791
90.3594445123
102.048238627
131.811193848
100.519197736
117.823012161
82.0825157166
124.587569693
82.081914266
94.6746758355
132.272385712
125.538220626
153.458921523
89.8579922631
117.432790484
163.197728924
126.685933486
107.325278473
98.3886333156
112.704631132
97.0763249397
108.259396689
119.782663727
96.1998390198
89.2071723938
122.240778743
132.408517202
91.6000546542
97.8271420797
85.7157447338
120.007131522
104.523617671
121.023859464
104.422857666
127.205074787
120.236645242
92.0974988937
104.591893005
90.7279148102
85.3392955235
116.935178708
118.819583893
65.1553777059
137.4281747
87.8883132935
84.4521722794
120.933224678
131.199124018
110.940936497
300.775925131
112.453704516
130.855617523
78.3568482399
109.247177124
129.833300273
114.250554085
113.367041016
162.917649841
73.2635685314
113.779147808
89.1205762227
91.2196294996
80.2525970459
107.477014021
112.796566554
130.556659241
145.041460164
119.700438223
84.7992863973
103.999579838
93.9181172988
100.404918671
102.835427856
82.3777770996
101.466133542
97.4331637296
108.768706894
106.070899515
115.691381
114.128092194
139.35925293
87.8660009284
147.843106887
113.72146225
95.7140757243
116.910554409
111.966996914
123.92589453
104.575657694
95.8999151502
99.423595047
96.8839062777
106.121651786
101.407240434
89.111743927
115.005415983
109.357809521
111.989150456
84.1262708965
88.9601639968
118.09882112
108.982567623
112.177857899
118.767231242
116.747024985
132.393894196
86.0495171547
159.496941703
114.668429982
114.813219217
95.3329528809
109.418526422
111.515486218
101.259643555
108.405164207
98.4408925374
105.670801163
96.7107315063
95.6894805215
115.64744832
81.102360026
144.552772522
89.0625397532
105.141856723
93.4244804382
134.899032752
110.18727027
129.049879375
128.151707458
88.4075536728
103.274629766
85.6163886575
112.577861023
123.935844421
86.2118953358
110.892568086
121.946884155
108.785021531
104.158722432
100.77884903
117.559235139
106.094412553
76.6092713674
133.213428425
87.7021688574
93.4208769798
106.40457201
106.540828705
121.496754573
104.274187215
89.3723077774
98.010710144
87.4317717119
72.8093199296
137.910188675
97.9941482544
71.4015411377
102.623259896
108.315129033
98.1327291953
88.5412582397
138.519169097
119.667805011
102.858203888
81.4432144165
104.299588885
116.952559933
75.726335798
129.858474731
84.5829423269
117.454754998
98.1990409519
103.11640625
98.3241243864
123.955552578
113.235556466
137.676428901
88.3478031158
91.3346099854
91.0392803192
91.2802400589
267.657979965
89.5342982899
107.760110219
139.327685547
85.3481592032
92.5096121216
105.890460283
116.767180718
86.6686912305
108.310669454
96.7545759871
100.874404305
82.9570954641
97.7064417059
88.5858469009
92.967965126
98.568761092
79.7528312683
200.22472477
96.9890675863
98.5149390481
114.087320964
125.74917078
109.171040419
99.2502176497
129.852968852
135.527945382
78.5242481232
109.324593764
104.207645598
84.2008809736
172.901991272
95.5638975061
122.696635742
92.6508293152
85.2483683268
82.7053985596
92.7291879654
114.446568807
99.3142737311
116.704493205
125.535707034
124.898586382
100.491217422
126.952225821
101.186566162
125.490941753
93.8210666541
91.2902326311
89.6999088634
95.2029347139
140.556413269
108.916620255
94.6632881165
102.086297777
127.275348497
87.9478062221
83.7668459492
113.615567525
113.115528195
113.175195058
124.487684047
108.090076535
94.9994297028
110.881262989
106.93273468
77.5941429138
115.731955442
82.8438851141
119.578325907
114.70810318
104.19212999
76.0065662779
226.184602737
104.362533133
309.783069187
99.1892253331
96.7603398641
102.254061531
81.9533880483
122.582640141
93.0588254062
110.400075773
117.796617296
137.018765536
109.661281586
132.250113932
170.943643743
87.9256776752
122.966143608
138.749294705
127.465342122
148.871972183
89.8047899519
117.782724762
136.909708903
124.155605316
98.4885925293
231.353689896
98.266688029
111.704829407
104.982752119
125.745731535
110.824566311
107.388271756
119.779752291
112.82948761
127.063587189
81.0132029215
76.743437873
96.4385421753
91.5591328939
92.4215142386
127.48144989
131.114585876
113.24751551
102.529315948
142.904097516
102.264896393
102.431219662
116.683642197
99.3551640828
101.665219625
102.390863546
134.026044718
113.671323395
82.8750740334
106.527417363
110.020681614
105.53351681
97.7089388529
101.048902813
107.782488505
96.2504219642
101.739913247
97.5326329549
96.6937783894
106.363400459
102.84518794
118.13236618
97.9100066676
85.4113197327
95.36824646
96.5576295595
139.939511871
127.606674194
92.5083598546
113.921708107
116.172334006
106.314853668
80.7182815552
102.021261851
104.894832332
82.0695217678
98.3843093872
122.879997253
77.6841821671
190.78877582
124.190293563
79.5500259399
133.120613098
81.6616864886
107.756825829
89.7152384708
131.239379883
130.635690862
92.1527442932
139.291963519
95.1396299998
83.1774237497
84.7860229492
122.585372523
114.514278889
141.866934967
81.4199851354
85.6114302415
119.12676239
88.158219771
100.163500977
87.6663840799
90.8324009822
92.3657627106
93.6865103585
117.760023329
105.490723928
139.889143048
92.2416791643
109.713162013
684.902461332
142.563982783
138.837615531
145.31281662
142.145498003
100.531735229
104.478669908
125.698864677
118.840394479
100.440420251
89.2725982666
103.266055552
125.664176178
112.687071882
85.2223935127
94.5280122757
88.7253570557
105.720978572
114.04817454
110.782237244
104.979428609
132.582285156
